0.0 0.0 100 4 0.075
3.0 0.0 100 4 0.075
6.0 0.0 100 4 0.075
9.0 0.0 100 4 0.075
12.0 0.0 100 4 0.075
15.0 0.0 100 4 0.075
18.0 0.0 100 4 0.075
21.0 0.0 100 4 0.075
24.0 0.0 100 4 0.075
27.0 0.0 100 4 0.075
1.5 2.59807621135332 100 4 0.075
4.5 2.59807621135332 100 4 0.075
7.5 2.59807621135332 100 4 0.075
10.5 2.59807621135332 100 4 0.075
13.5 2.59807621135332 100 4 0.075
16.5 2.59807621135332 100 4 0.075
19.5 2.59807621135332 100 4 0.075
22.5 2.59807621135332 100 4 0.075
25.5 2.59807621135332 100 4 0.075
28.5 2.59807621135332 100 4 0.075
0.0 5.19615242270663 100 4 0.075
3.0 5.19615242270663 100 4 0.075
6.0 5.19615242270663 100 4 0.075
9.0 5.19615242270663 100 4 0.075
12.0 5.19615242270663 100 4 0.075
15.0 5.19615242270663 100 4 0.075
18.0 5.19615242270663 100 4 0.075
21.0 5.19615242270663 100 4 0.075
24.0 5.19615242270663 100 4 0.075
27.0 5.19615242270663 100 4 0.075
1.5 7.79422863405995 100 4 0.075
4.5 7.79422863405995 100 4 0.075
7.5 7.79422863405995 100 4 0.075
10.5 7.79422863405995 100 4 0.075
13.5 7.79422863405995 100 4 0.075
16.5 7.79422863405995 100 4 0.075
19.5 7.79422863405995 100 4 0.075
22.5 7.79422863405995 100 4 0.075
25.5 7.79422863405995 100 4 0.075
28.5 7.79422863405995 100 4 0.075
0.0 10.3923048454133 100 4 0.075
3.0 10.3923048454133 100 4 0.075
6.0 10.3923048454133 100 4 0.075
9.0 10.3923048454133 100 4 0.075
12.0 10.3923048454133 100 4 0.075
15.0 10.3923048454133 100 4 0.075
18.0 10.3923048454133 100 4 0.075
21.0 10.3923048454133 100 4 0.075
24.0 10.3923048454133 100 4 0.075
27.0 10.3923048454133 100 4 0.075
1.5 12.9903810567666 100 4 0.075
4.5 12.9903810567666 100 4 0.075
7.5 12.9903810567666 100 4 0.075
10.5 12.9903810567666 100 4 0.075
13.5 12.9903810567666 100 4 0.075
16.5 12.9903810567666 100 4 0.075
19.5 12.9903810567666 100 4 0.075
22.5 12.9903810567666 100 4 0.075
25.5 12.9903810567666 100 4 0.075
28.5 12.9903810567666 100 4 0.075
0.0 15.5884572681199 100 4 0.075
3.0 15.5884572681199 100 4 0.075
6.0 15.5884572681199 100 4 0.075
9.0 15.5884572681199 100 4 0.075
12.0 15.5884572681199 100 4 0.075
15.0 15.5884572681199 100 4 0.075
18.0 15.5884572681199 100 4 0.075
21.0 15.5884572681199 100 4 0.075
24.0 15.5884572681199 100 4 0.075
27.0 15.5884572681199 100 4 0.075
1.5 18.1865334794732 100 4 0.075
4.5 18.1865334794732 100 4 0.075
7.5 18.1865334794732 100 4 0.075
10.5 18.1865334794732 100 4 0.075
13.5 18.1865334794732 100 4 0.075
16.5 18.1865334794732 100 4 0.075
19.5 18.1865334794732 100 4 0.075
22.5 18.1865334794732 100 4 0.075
25.5 18.1865334794732 100 4 0.075
28.5 18.1865334794732 100 4 0.075
0.0 20.7846096908265 100 4 0.075
3.0 20.7846096908265 100 4 0.075
6.0 20.7846096908265 100 4 0.075
9.0 20.7846096908265 100 4 0.075
12.0 20.7846096908265 100 4 0.075
15.0 20.7846096908265 100 4 0.075
18.0 20.7846096908265 100 4 0.075
21.0 20.7846096908265 100 4 0.075
24.0 20.7846096908265 100 4 0.075
27.0 20.7846096908265 100 4 0.075
